2 506 104 511 104
2 504 96 509 96
27 487 80 487 75 487 80 489 80 489 72 489 80 491 80 491 76 491 80 493 80 493 71 493 80 495 80 495 76 495 80 497 80 497 75 497 80 499 80 499 70 499 80 501 80 501 78 501 80 503 80 503 70 503 80
12 500 93 500 83 500 93 502 93 502 90 502 93 504 93 504 85 504 93 506 93 506 83 506 93
2 499 35 504 35
2 511 23 516 23
30 498 168 498 158 498 168 500 168 500 162 500 168 502 168 502 163 502 168 504 168 504 160 504 168 506 168 506 159 506 168 508 168 508 163 508 168 510 168 510 163 510 168 512 168 512 167 512 168 514 168 514 161 514 168 516 168 516 167 516 168
30 498 168 498 158 498 168 500 168 500 162 500 168 502 168 502 163 502 168 504 168 504 160 504 168 506 168 506 159 506 168 508 168 508 163 508 168 510 168 510 163 510 168 512 168 512 167 512 168 514 168 514 161 514 168 516 168 516 167 516 168
2 503 38 508 38
2 520 104 525 104
27 487 80 487 75 487 80 489 80 489 72 489 80 491 80 491 76 491 80 493 80 493 71 493 80 495 80 495 76 495 80 497 80 497 75 497 80 499 80 499 70 499 80 501 80 501 78 501 80 503 80 503 70 503 80
4 499 28 499 29 513 29 513 28
2 504 23 509 23
27 487 80 487 75 487 80 489 80 489 72 489 80 491 80 491 76 491 80 493 80 493 71 493 80 495 80 495 76 495 80 497 80 497 75 497 80 499 80 499 70 499 80 501 80 501 78 501 80 503 80 503 70 503 80
30 498 168 498 158 498 168 500 168 500 162 500 168 502 168 502 163 502 168 504 168 504 160 504 168 506 168 506 159 506 168 508 168 508 163 508 168 510 168 510 163 510 168 512 168 512 167 512 168 514 168 514 161 514 168 516 168 516 167 516 168
8 485 45 485 47 483 47 483 54 492 54 492 47 489 47 489 45
12 500 93 500 83 500 93 502 93 502 90 502 93 504 93 504 85 504 93 506 93 506 83 506 93
27 487 80 487 75 487 80 489 80 489 72 489 80 491 80 491 76 491 80 493 80 493 71 493 80 495 80 495 76 495 80 497 80 497 75 497 80 499 80 499 70 499 80 501 80 501 78 501 80 503 80 503 70 503 80
4 499 28 499 29 513 29 513 28
27 487 80 487 75 487 80 489 80 489 72 489 80 491 80 491 76 491 80 493 80 493 71 493 80 495 80 495 76 495 80 497 80 497 75 497 80 499 80 499 70 499 80 501 80 501 78 501 80 503 80 503 70 503 80
27 487 80 487 75 487 80 489 80 489 72 489 80 491 80 491 76 491 80 493 80 493 71 493 80 495 80 495 76 495 80 497 80 497 75 497 80 499 80 499 70 499 80 501 80 501 78 501 80 503 80 503 70 503 80
2 508 98 513 98
12 500 93 500 83 500 93 502 93 502 90 502 93 504 93 504 85 504 93 506 93 506 83 506 93
8 524 107 524 111 522 111 522 118 534 118 534 111 528 111 528 107
2 507 20 512 20
12 489 67 489 58 489 67 491 67 491 61 491 67 493 67 493 59 493 67 495 67 495 64 495 67
8 506 130 506 132 502 132 502 137 516 137 516 132 511 132 511 130
30 498 168 498 158 498 168 500 168 500 162 500 168 502 168 502 163 502 168 504 168 504 160 504 168 506 168 506 159 506 168 508 168 508 163 508 168 510 168 510 163 510 168 512 168 512 167 512 168 514 168 514 161 514 168 516 168 516 167 516 168
2 510 127 514 127
8 524 107 524 111 522 111 522 118 534 118 534 111 528 111 528 107
30 498 168 498 158 498 168 500 168 500 162 500 168 502 168 502 163 502 168 504 168 504 160 504 168 506 168 506 159 506 168 508 168 508 163 508 168 510 168 510 163 510 168 512 168 512 167 512 168 514 168 514 161 514 168 516 168 516 167 516 168
2 492 104 497 104
2 492 35 497 35
30 498 168 498 158 498 168 500 168 500 162 500 168 502 168 502 163 502 168 504 168 504 160 504 168 506 168 506 159 506 168 508 168 508 163 508 168 510 168 510 163 510 168 512 168 512 167 512 168 514 168 514 161 514 168 516 168 516 167 516 168
2 528 127 532 127
8 498 140 498 142 493 142 493 150 504 150 504 142 503 142 503 140
30 498 168 498 158 498 168 500 168 500 162 500 168 502 168 502 163 502 168 504 168 504 160 504 168 506 168 506 159 506 168 508 168 508 163 508 168 510 168 510 163 510 168 512 168 512 167 512 168 514 168 514 161 514 168 516 168 516 167 516 168
12 500 93 500 83 500 93 502 93 502 90 502 93 504 93 504 85 504 93 506 93 506 83 506 93
8 485 45 485 47 483 47 483 54 492 54 492 47 489 47 489 45
30 498 168 498 158 498 168 500 168 500 162 500 168 502 168 502 163 502 168 504 168 504 160 504 168 506 168 506 159 506 168 508 168 508 163 508 168 510 168 510 163 510 168 512 168 512 167 512 168 514 168 514 161 514 168 516 168 516 167 516 168
2 516 127 520 127
8 506 130 506 132 502 132 502 137 516 137 516 132 511 132 511 130
2 495 32 500 32
3 493 14 505 14 505 13
2 522 127 526 127
30 498 168 498 158 498 168 500 168 500 162 500 168 502 168 502 163 502 168 504 168 504 160 504 168 506 168 506 159 506 168 508 168 508 163 508 168 510 168 510 163 510 168 512 168 512 167 512 168 514 168 514 161 514 168 516 168 516 167 516 168
30 498 168 498 158 498 168 500 168 500 162 500 168 502 168 502 163 502 168 504 168 504 160 504 168 506 168 506 159 506 168 508 168 508 163 508 168 510 168 510 163 510 168 512 168 512 167 512 168 514 168 514 161 514 168 516 168 516 167 516 168
27 487 80 487 75 487 80 489 80 489 72 489 80 491 80 491 76 491 80 493 80 493 71 493 80 495 80 495 76 495 80 497 80 497 75 497 80 499 80 499 70 499 80 501 80 501 78 501 80 503 80 503 70 503 80
3 493 14 505 14 505 13
12 489 67 489 58 489 67 491 67 491 61 491 67 493 67 493 59 493 67 495 67 495 64 495 67
27 487 80 487 75 487 80 489 80 489 72 489 80 491 80 491 76 491 80 493 80 493 71 493 80 495 80 495 76 495 80 497 80 497 75 497 80 499 80 499 70 499 80 501 80 501 78 501 80 503 80 503 70 503 80
30 498 168 498 158 498 168 500 168 500 162 500 168 502 168 502 163 502 168 504 168 504 160 504 168 506 168 506 159 506 168 508 168 508 163 508 168 510 168 510 163 510 168 512 168 512 167 512 168 514 168 514 161 514 168 516 168 516 167 516 168
30 498 168 498 158 498 168 500 168 500 162 500 168 502 168 502 163 502 168 504 168 504 160 504 168 506 168 506 159 506 168 508 168 508 163 508 168 510 168 510 163 510 168 512 168 512 167 512 168 514 168 514 161 514 168 516 168 516 167 516 168
12 500 93 500 83 500 93 502 93 502 90 502 93 504 93 504 85 504 93 506 93 506 83 506 93
2 525 125 529 125
27 487 80 487 75 487 80 489 80 489 72 489 80 491 80 491 76 491 80 493 80 493 71 493 80 495 80 495 76 495 80 497 80 497 75 497 80 499 80 499 70 499 80 501 80 501 78 501 80 503 80 503 70 503 80
12 489 67 489 58 489 67 491 67 491 61 491 67 493 67 493 59 493 67 495 67 495 64 495 67
12 500 93 500 83 500 93 502 93 502 90 502 93 504 93 504 85 504 93 506 93 506 83 506 93
30 498 168 498 158 498 168 500 168 500 162 500 168 502 168 502 163 502 168 504 168 504 160 504 168 506 168 506 159 506 168 508 168 508 163 508 168 510 168 510 163 510 168 512 168 512 167 512 168 514 168 514 161 514 168 516 168 516 167 516 168
30 498 168 498 158 498 168 500 168 500 162 500 168 502 168 502 163 502 168 504 168 504 160 504 168 506 168 506 159 506 168 508 168 508 163 508 168 510 168 510 163 510 168 512 168 512 167 512 168 514 168 514 161 514 168 516 168 516 167 516 168
8 506 130 506 132 502 132 502 137 516 137 516 132 511 132 511 130
12 489 67 489 58 489 67 491 67 491 61 491 67 493 67 493 59 493 67 495 67 495 64 495 67
30 498 168 498 158 498 168 500 168 500 162 500 168 502 168 502 163 502 168 504 168 504 160 504 168 506 168 506 159 506 168 508 168 508 163 508 168 510 168 510 163 510 168 512 168 512 167 512 168 514 168 514 161 514 168 516 168 516 167 516 168
12 500 93 500 83 500 93 502 93 502 90 502 93 504 93 504 85 504 93 506 93 506 83 506 93
2 513 104 518 104
8 506 130 506 132 502 132 502 137 516 137 516 132 511 132 511 130
8 485 45 485 47 483 47 483 54 492 54 492 47 489 47 489 45
2 519 121 523 121
8 498 140 498 142 493 142 493 150 504 150 504 142 503 142 503 140
2 495 102 500 102
2 500 20 505 20
3 490 42 504 42 504 41
12 500 93 500 83 500 93 502 93 502 90 502 93 504 93 504 85 504 93 506 93 506 83 506 93
30 498 168 498 158 498 168 500 168 500 162 500 168 502 168 502 163 502 168 504 168 504 160 504 168 506 168 506 159 506 168 508 168 508 163 508 168 510 168 510 163 510 168 512 168 512 167 512 168 514 168 514 161 514 168 516 168 516 167 516 168
27 487 80 487 75 487 80 489 80 489 72 489 80 491 80 491 76 491 80 493 80 493 71 493 80 495 80 495 76 495 80 497 80 497 75 497 80 499 80 499 70 499 80 501 80 501 78 501 80 503 80 503 70 503 80
12 500 93 500 83 500 93 502 93 502 90 502 93 504 93 504 85 504 93 506 93 506 83 506 93
8 498 140 498 142 493 142 493 150 504 150 504 142 503 142 503 140
27 487 80 487 75 487 80 489 80 489 72 489 80 491 80 491 76 491 80 493 80 493 71 493 80 495 80 495 76 495 80 497 80 497 75 497 80 499 80 499 70 499 80 501 80 501 78 501 80 503 80 503 70 503 80
30 498 168 498 158 498 168 500 168 500 162 500 168 502 168 502 163 502 168 504 168 504 160 504 168 506 168 506 159 506 168 508 168 508 163 508 168 510 168 510 163 510 168 512 168 512 167 512 168 514 168 514 161 514 168 516 168 516 167 516 168
30 498 168 498 158 498 168 500 168 500 162 500 168 502 168 502 163 502 168 504 168 504 160 504 168 506 168 506 159 506 168 508 168 508 163 508 168 510 168 510 163 510 168 512 168 512 167 512 168 514 168 514 161 514 168 516 168 516 167 516 168
27 487 80 487 75 487 80 489 80 489 72 489 80 491 80 491 76 491 80 493 80 493 71 493 80 495 80 495 76 495 80 497 80 497 75 497 80 499 80 499 70 499 80 501 80 501 78 501 80 503 80 503 70 503 80
8 524 107 524 111 522 111 522 118 534 118 534 111 528 111 528 107
8 485 45 485 47 483 47 483 54 492 54 492 47 489 47 489 45
30 498 168 498 158 498 168 500 168 500 162 500 168 502 168 502 163 502 168 504 168 504 160 504 168 506 168 506 159 506 168 508 168 508 163 508 168 510 168 510 163 510 168 512 168 512 167 512 168 514 168 514 161 514 168 516 168 516 167 516 168
12 489 67 489 58 489 67 491 67 491 61 491 67 493 67 493 59 493 67 495 67 495 64 495 67
2 509 102 514 102
2 513 125 517 125
27 487 80 487 75 487 80 489 80 489 72 489 80 491 80 491 76 491 80 493 80 493 71 493 80 495 80 495 76 495 80 497 80 497 75 497 80 499 80 499 70 499 80 501 80 501 78 501 80 503 80 503 70 503 80
27 487 80 487 75 487 80 489 80 489 72 489 80 491 80 491 76 491 80 493 80 493 71 493 80 495 80 495 76 495 80 497 80 497 75 497 80 499 80 499 70 499 80 501 80 501 78 501 80 503 80 503 70 503 80
3 490 42 504 42 504 41
2 498 100 503 100
12 500 93 500 83 500 93 502 93 502 90 502 93 504 93 504 85 504 93 506 93 506 83 506 93
12 489 67 489 58 489 67 491 67 491 61 491 67 493 67 493 59 493 67 495 67 495 64 495 67
8 498 140 498 142 493 142 493 150 504 150 504 142 503 142 503 140
2 489 38 494 38
27 487 80 487 75 487 80 489 80 489 72 489 80 491 80 491 76 491 80 493 80 493 71 493 80 495 80 495 76 495 80 497 80 497 75 497 80 499 80 499 70 499 80 501 80 501 78 501 80 503 80 503 70 503 80
30 498 168 498 158 498 168 500 168 500 162 500 168 502 168 502 163 502 168 504 168 504 160 504 168 506 168 506 159 506 168 508 168 508 163 508 168 510 168 510 163 510 168 512 168 512 167 512 168 514 168 514 161 514 168 516 168 516 167 516 168
8 485 45 485 47 483 47 483 54 492 54 492 47 489 47 489 45
8 506 130 506 132 502 132 502 137 516 137 516 132 511 132 511 130
30 498 168 498 158 498 168 500 168 500 162 500 168 502 168 502 163 502 168 504 168 504 160 504 168 506 168 506 159 506 168 508 168 508 163 508 168 510 168 510 163 510 168 512 168 512 167 512 168 514 168 514 161 514 168 516 168 516 167 516 168
8 524 107 524 111 522 111 522 118 534 118 534 111 528 111 528 107
8 498 140 498 142 493 142 493 150 504 150 504 142 503 142 503 140
8 506 130 506 132 502 132 502 137 516 137 516 132 511 132 511 130
2 496 38 501 38
27 487 80 487 75 487 80 489 80 489 72 489 80 491 80 491 76 491 80 493 80 493 71 493 80 495 80 495 76 495 80 497 80 497 75 497 80 499 80 499 70 499 80 501 80 501 78 501 80 503 80 503 70 503 80
8 498 140 498 142 493 142 493 150 504 150 504 142 503 142 503 140
2 519 125 523 125
3 501 154 501 155 507 155
30 498 168 498 158 498 168 500 168 500 162 500 168 502 168 502 163 502 168 504 168 504 160 504 168 506 168 506 159 506 168 508 168 508 163 508 168 510 168 510 163 510 168 512 168 512 167 512 168 514 168 514 161 514 168 516 168 516 167 516 168
30 498 168 498 158 498 168 500 168 500 162 500 168 502 168 502 163 502 168 504 168 504 160 504 168 506 168 506 159 506 168 508 168 508 163 508 168 510 168 510 163 510 168 512 168 512 167 512 168 514 168 514 161 514 168 516 168 516 167 516 168
2 499 104 504 104
12 489 67 489 58 489 67 491 67 491 61 491 67 493 67 493 59 493 67 495 67 495 64 495 67
3 501 154 501 155 507 155
2 503 17 508 17
2 516 123 520 123
27 487 80 487 75 487 80 489 80 489 72 489 80 491 80 491 76 491 80 493 80 493 71 493 80 495 80 495 76 495 80 497 80 497 75 497 80 499 80 499 70 499 80 501 80 501 78 501 80 503 80 503 70 503 80
27 487 80 487 75 487 80 489 80 489 72 489 80 491 80 491 76 491 80 493 80 493 71 493 80 495 80 495 76 495 80 497 80 497 75 497 80 499 80 499 70 499 80 501 80 501 78 501 80 503 80 503 70 503 80
2 505 100 510 100
12 489 67 489 58 489 67 491 67 491 61 491 67 493 67 493 59 493 67 495 67 495 64 495 67
30 498 168 498 158 498 168 500 168 500 162 500 168 502 168 502 163 502 168 504 168 504 160 504 168 506 168 506 159 506 168 508 168 508 163 508 168 510 168 510 163 510 168 512 168 512 167 512 168 514 168 514 161 514 168 516 168 516 167 516 168
8 524 107 524 111 522 111 522 118 534 118 534 111 528 111 528 107
12 500 93 500 83 500 93 502 93 502 90 502 93 504 93 504 85 504 93 506 93 506 83 506 93
12 489 67 489 58 489 67 491 67 491 61 491 67 493 67 493 59 493 67 495 67 495 64 495 67
27 487 80 487 75 487 80 489 80 489 72 489 80 491 80 491 76 491 80 493 80 493 71 493 80 495 80 495 76 495 80 497 80 497 75 497 80 499 80 499 70 499 80 501 80 501 78 501 80 503 80 503 70 503 80
8 498 140 498 142 493 142 493 150 504 150 504 142 503 142 503 140
8 506 130 506 132 502 132 502 137 516 137 516 132 511 132 511 130
2 516 102 521 102
27 487 80 487 75 487 80 489 80 489 72 489 80 491 80 491 76 491 80 493 80 493 71 493 80 495 80 495 76 495 80 497 80 497 75 497 80 499 80 499 70 499 80 501 80 501 78 501 80 503 80 503 70 503 80
8 485 45 485 47 483 47 483 54 492 54 492 47 489 47 489 45
2 522 123 526 123
8 485 45 485 47 483 47 483 54 492 54 492 47 489 47 489 45
30 498 168 498 158 498 168 500 168 500 162 500 168 502 168 502 163 502 168 504 168 504 160 504 168 506 168 506 159 506 168 508 168 508 163 508 168 510 168 510 163 510 168 512 168 512 167 512 168 514 168 514 161 514 168 516 168 516 167 516 168
4 499 28 499 29 513 29 513 28
30 498 168 498 158 498 168 500 168 500 162 500 168 502 168 502 163 502 168 504 168 504 160 504 168 506 168 506 159 506 168 508 168 508 163 508 168 510 168 510 163 510 168 512 168 512 167 512 168 514 168 514 161 514 168 516 168 516 167 516 168
27 487 80 487 75 487 80 489 80 489 72 489 80 491 80 491 76 491 80 493 80 493 71 493 80 495 80 495 76 495 80 497 80 497 75 497 80 499 80 499 70 499 80 501 80 501 78 501 80 503 80 503 70 503 80
2 512 100 517 100
8 524 107 524 111 522 111 522 118 534 118 534 111 528 111 528 107
12 489 67 489 58 489 67 491 67 491 61 491 67 493 67 493 59 493 67 495 67 495 64 495 67
2 497 23 502 23
8 524 107 524 111 522 111 522 118 534 118 534 111 528 111 528 107
12 489 67 489 58 489 67 491 67 491 61 491 67 493 67 493 59 493 67 495 67 495 64 495 67
27 487 80 487 75 487 80 489 80 489 72 489 80 491 80 491 76 491 80 493 80 493 71 493 80 495 80 495 76 495 80 497 80 497 75 497 80 499 80 499 70 499 80 501 80 501 78 501 80 503 80 503 70 503 80
30 498 168 498 158 498 168 500 168 500 162 500 168 502 168 502 163 502 168 504 168 504 160 504 168 506 168 506 159 506 168 508 168 508 163 508 168 510 168 510 163 510 168 512 168 512 167 512 168 514 168 514 161 514 168 516 168 516 167 516 168
30 498 168 498 158 498 168 500 168 500 162 500 168 502 168 502 163 502 168 504 168 504 160 504 168 506 168 506 159 506 168 508 168 508 163 508 168 510 168 510 163 510 168 512 168 512 167 512 168 514 168 514 161 514 168 516 168 516 167 516 168
2 501 98 506 98
27 487 80 487 75 487 80 489 80 489 72 489 80 491 80 491 76 491 80 493 80 493 71 493 80 495 80 495 76 495 80 497 80 497 75 497 80 499 80 499 70 499 80 501 80 501 78 501 80 503 80 503 70 503 80
27 487 80 487 75 487 80 489 80 489 72 489 80 491 80 491 76 491 80 493 80 493 71 493 80 495 80 495 76 495 80 497 80 497 75 497 80 499 80 499 70 499 80 501 80 501 78 501 80 503 80 503 70 503 80
30 498 168 498 158 498 168 500 168 500 162 500 168 502 168 502 163 502 168 504 168 504 160 504 168 506 168 506 159 506 168 508 168 508 163 508 168 510 168 510 163 510 168 512 168 512 167 512 168 514 168 514 161 514 168 516 168 516 167 516 168
2 502 102 507 102
27 487 80 487 75 487 80 489 80 489 72 489 80 491 80 491 76 491 80 493 80 493 71 493 80 495 80 495 76 495 80 497 80 497 75 497 80 499 80 499 70 499 80 501 80 501 78 501 80 503 80 503 70 503 80
27 487 80 487 75 487 80 489 80 489 72 489 80 491 80 491 76 491 80 493 80 493 71 493 80 495 80 495 76 495 80 497 80 497 75 497 80 499 80 499 70 499 80 501 80 501 78 501 80 503 80 503 70 503 80 
