1259754 1927417 1174860 2000000 
698360 2921616 1174860 2000000 
2800141 2204995 3151616 2593677 
3257632 2621890 3336432 2638865 
3162013 3094407 3151616 2593677 
748228 577603 849414 -938539 
3624150 2952930 3336432 2638865 
2961687 2430611 3151616 2593677 
142293 3387807 45169 4226343 
3309479 1598941 3336432 2638865 
1978235 3427616 2381454 3683743 
23389 1732536 1174860 2000000 
1223696 3954547 2381454 3683743 
3827517 3561118 4094575 3915146 
3027894 3644321 2381454 3683743 
3523333 3939956 4094575 3915146 
2661743 3988507 2381454 3683743 
2352285 2877820 2381454 3683743 
3214853 2572272 3151616 2593677 
3956852 2504216 3336432 2638865 
219724 3957089 45169 4226343 
1258233 2697879 1174860 2000000 
3091374 215069 4240570 610698 
3861053 889064 4240570 610698 
2085035 1733247 1174860 2000000 
