5 12 18 
22
4 11 17 
22
3 10 16 
22
2 9 15 
22
6 14 20 
28
5 13 19 
28
4 12 18 
28
3 11 17 
28
2 10 16 
28
6 15 21 
34
5 14 20 
34
4 13 19 
34
3 12 18 
34
2 11 17 
34
6 10 16 
34
5 9 15 
34
4 8 14 
34
3 7 13 
34
2 6 12 
34
6 11 17 
40
5 10 16 
40
4 9 15 
40
3 8 14 
40
2 7 13 
40
6 12 18 
46
5 11 17 
46
4 10 16 
46
3 9 15 
46
2 8 14 
46
6 13 19 
52
5 12 18 
52
4 11 17 
52
3 10 16 
52
2 9 15 
52
6 14 20 
58
5 13 19 
58
4 12 18 
58
3 11 17 
58
2 10 16 
58
6 15 21 
64
5 14 20 
64
4 13 19 
64
3 12 18 
64
2 11 17 
64
6 10 16 
64
5 9 15 
64
4 8 14 
64
3 7 13 
64
2 6 12 
64
6 11 17 
70
5 10 16 
70
4 9 15 
70
3 8 14 
70
2 7 13 
70
6 12 18 
76
5 11 17 
76
4 10 16 
76
3 9 15 
76
2 8 14 
76
6 13 19 
82
5 12 18 
82
4 11 17 
82
3 10 16 
82
2 9 15 
82
6 14 20 
88
5 13 19 
88
4 12 18 
88
3 11 17 
88
2 10 16 
88
6 15 21 
94
5 14 20 
94
4 13 19 
94
3 12 18 
94
2 11 17 
94
6 10 16 
94
5 9 15 
94
4 8 14 
94
3 7 13 
94
2 6 12 
94
6 11 17 
100
5 10 16 
100
4 9 15 
100
3 8 14 
100
2 7 13 
100
6 12 18 
106
5 11 17 
106
4 10 16 
106
3 9 15 
106
2 8 14 
106
6 13 19 
112
5 12 18 
112
4 11 17 
112
3 10 16 
112
2 9 15 
112
6 14 20 
118
5 13 19 
118
4 12 18 
118
3 11 17 
118
2 10 16 
118
6 15 21 
124
5 14 20 
124
4 13 19 
124
3 12 18 
124
2 11 17 
124
6 10 16 
124
5 9 15 
124
4 8 14 
124
3 7 13 
124
2 6 12 
124
6 11 17 
130
5 10 16 
130
4 9 15 
130
3 8 14 
130
2 7 13 
130
6 12 18 
136
5 11 17 
136
4 10 16 
136
3 9 15 
136
2 8 14 
136
6 13 19 
142
5 12 18 
142
4 11 17 
142
3 10 16 
142
2 9 15 
142
6 14 20 
148
5 13 19 
148
4 12 18 
148
3 11 17 
148
2 10 16 
148
6 15 21 
154
5 14 20 
154
4 13 19 
154
3 12 18 
154
2 11 17 
154
6 10 16 
154
5 9 15 
154
4 8 14 
154
3 7 13 
154
2 6 12 
154
6 11 17 
160
5 10 16 
160
4 9 15 
160
3 8 14 
160
2 7 13 
160
6 12 18 
166
5 11 17 
166
4 10 16 
166
3 9 15 
166
2 8 14 
166
6 13 19 
172
5 12 18 
172
4 11 17 
172
3 10 16 
172
2 9 15 
172
6 14 20 
178
5 13 19 
178
4 12 18 
178
3 11 17 
178
2 10 16 
178
6 15 21 
184
5 14 20 
184
4 13 19 
184
3 12 18 
184
2 11 17 
184
6 10 16 
184
5 9 15 
184
4 8 14 
184
3 7 13 
184
2 6 12 
184
6 11 17 
190
5 10 16 
190
4 9 15 
190
3 8 14 
190
2 7 13 
190
6 12 18 
196
5 11 17 
196
4 10 16 
196
3 9 15 
196
2 8 14 
196
6 13 19 
202
5 12 18 
202
4 11 17 
202
3 10 16 
202
2 9 15 
202
6 14 20 
208
5 13 19 
208
4 12 18 
208
3 11 17 
208
2 10 16 
208
6 15 21 
214
5 14 20 
214
4 13 19 
214
3 12 18 
214
2 11 17 
214
6 10 16 
214
5 9 15 
214
4 8 14 
214
3 7 13 
214
2 6 12 
214
6 11 17 
220
5 10 16 
220
4 9 15 
220
3 8 14 
220
2 7 13 
220
6 12 18 
226
5 11 17 
226
4 10 16 
226
3 9 15 
226
2 8 14 
226
6 13 19 
232
5 12 18 
232
4 11 17 
232
3 10 16 
232
2 9 15 
232
6 14 20 
238
5 13 19 
238
4 12 18 
238
3 11 17 
238
2 10 16 
238
6 15 21 
244
5 14 20 
244
4 13 19 
244
3 12 18 
244
2 11 17 
244
6 10 16 
244
5 9 15 
244
4 8 14 
244
3 7 13 
244
2 6 12 
244
6 11 17 
250
5 10 16 
250
4 9 15 
250
3 8 14 
250
2 7 13 
250
6 12 18 
256
5 11 17 
256
4 10 16 
256
3 9 15 
256
2 8 14 
256
6 13 19 
262
5 12 18 
262
4 11 17 
262
3 10 16 
262
2 9 15 
262
6 14 20 
268
5 13 19 
268
4 12 18 
268
3 11 17 
268
2 10 16 
268
6 15 21 
274
5 14 20 
274
4 13 19 
274
3 12 18 
274
2 11 17 
274
6 10 16 
274
5 9 15 
274
4 8 14 
274
3 7 13 
274
2 6 12 
274
6 11 17 
280
5 10 16 
280
4 9 15 
280
3 8 14 
280
2 7 13 
280
6 12 18 
286
5 11 17 
286
4 10 16 
286
3 9 15 
286
2 8 14 
286
6 13 19 
292
5 12 18 
292
4 11 17 
292
3 10 16 
292
2 9 15 
292
6 14 20 
298
5 13 19 
298
4 12 18 
298
3 11 17 
298
2 10 16 
298
6 15 21 
304
5 14 20 
304
4 13 19 
304
3 12 18 
304
2 11 17 
304
6 10 16 
304
5 9 15 
304
4 8 14 
304
3 7 13 
304
2 6 12 
304
6 11 17 
310
5 10 16 
310
4 9 15 
310
3 8 14 
310
2 7 13 
310
6 12 18 
316
5 11 17 
316
4 10 16 
316
3 9 15 
316
2 8 14 
316
6 13 19 
322
5 12 18 
322
4 11 17 
322
3 10 16 
322
2 9 15 
322
6 14 20 
328
5 13 19 
328
4 12 18 
328
3 11 17 
328
2 10 16 
328
6 15 21 
334
5 14 20 
334
4 13 19 
334
3 12 18 
334
2 11 17 
334
6 10 16 
334
5 9 15 
334
4 8 14 
334
3 7 13 
334
2 6 12 
334
6 11 17 
340
5 10 16 
340
4 9 15 
340
3 8 14 
340
2 7 13 
340
6 12 18 
346
5 11 17 
346
4 10 16 
346
3 9 15 
346
2 8 14 
346
6 13 19 
352
5 12 18 
352
4 11 17 
352
3 10 16 
352
2 9 15 
352
6 14 20 
358
5 13 19 
358
4 12 18 
358
3 11 17 
358
2 10 16 
358
6 15 21 
364
5 14 20 
364
4 13 19 
364
3 12 18 
364
2 11 17 
364
6 10 16 
364
5 9 15 
364
4 8 14 
364
3 7 13 
364
2 6 12 
364
6 11 17 
370
5 10 16 
370
4 9 15 
370
3 8 14 
370
2 7 13 
370
6 12 18 
376
5 11 17 
376
4 10 16 
376
3 9 15 
376
2 8 14 
376
6 13 19 
382
5 12 18 
382
4 11 17 
382
3 10 16 
382
2 9 15 
382
6 14 20 
388
5 13 19 
388
4 12 18 
388
3 11 17 
388
2 10 16 
388
6 15 21 
394
5 14 20 
394
4 13 19 
394
3 12 18 
394
2 11 17 
394
6 10 16 
394
5 9 15 
394
4 8 14 
394
3 7 13 
394
2 6 12 
394
6 11 17 
400
5 10 16 
400
4 9 15 
400
3 8 14 
400
2 7 13 
400
6 12 18 
406
5 11 17 
406
4 10 16 
406
3 9 15 
406
2 8 14 
406
6 13 19 
412
5 12 18 
412
4 11 17 
412
3 10 16 
412
2 9 15 
412
6 14 20 
418
5 13 19 
418
4 12 18 
418
3 11 17 
418
2 10 16 
418
6 15 21 
424
5 14 20 
424
4 13 19 
424
3 12 18 
424
2 11 17 
424
6 10 16 
424
5 9 15 
424
4 8 14 
424
3 7 13 
424
2 6 12 
424
6 11 17 
430
5 10 16 
430
4 9 15 
430
3 8 14 
430
2 7 13 
430
6 12 18 
436
5 11 17 
436
4 10 16 
436
3 9 15 
436
2 8 14 
436
6 13 19 
442
5 12 18 
442
4 11 17 
442
3 10 16 
442
2 9 15 
442
6 14 20 
448
5 13 19 
448
4 12 18 
448
3 11 17 
448
2 10 16 
448
6 15 21 
454
5 14 20 
454
4 13 19 
454
3 12 18 
454
2 11 17 
454
6 10 16 
454
5 9 15 
454
4 8 14 
454
3 7 13 
454
2 6 12 
454
6 11 17 
460
5 10 16 
460
4 9 15 
460
3 8 14 
460
2 7 13 
460
6 12 18 
466
5 11 17 
466
4 10 16 
466
3 9 15 
466
2 8 14 
466
6 13 19 
472
5 12 18 
472
4 11 17 
472
3 10 16 
472
2 9 15 
472
6 14 20 
478
5 13 19 
478
4 12 18 
478
3 11 17 
478
2 10 16 
478
6 15 21 
484
5 14 20 
484
4 13 19 
484
3 12 18 
484
2 11 17 
484
6 10 16 
484
5 9 15 
484
4 8 14 
484
3 7 13 
484
2 6 12 
484
6 11 17 
490
5 10 16 
490
4 9 15 
490
3 8 14 
490
2 7 13 
490
6 12 18 
496
5 11 17 
496
4 10 16 
496
3 9 15 
496
2 8 14 
496
6 13 19 
502
5 12 18 
502
4 11 17 
502
3 10 16 
502
2 9 15 
502
6 14 20 
508
5 13 19 
508
4 12 18 
508
3 11 17 
508
2 10 16 
508
6 15 21 
514
5 14 20 
514
4 13 19 
514
3 12 18 
514
2 11 17 
514
6 10 16 
514
5 9 15 
514
4 8 14 
514
3 7 13 
514
2 6 12 
514
6 11 17 
520
5 10 16 
520
4 9 15 
520
3 8 14 
520
2 7 13 
520
6 12 18 
526
5 11 17 
526
4 10 16 
526
3 9 15 
526
2 8 14 
526
6 13 19 
532
5 12 18 
532
4 11 17 
532
3 10 16 
532
2 9 15 
532
6 14 20 
538
5 13 19 
538
4 12 18 
538
3 11 17 
538
2 10 16 
538
6 15 21 
544
5 14 20 
544
4 13 19 
544
3 12 18 
544
2 11 17 
544
6 10 16 
544
5 9 15 
544
4 8 14 
544
3 7 13 
544
2 6 12 
544
6 11 17 
550
5 10 16 
550
4 9 15 
550
3 8 14 
550
2 7 13 
550
6 12 18 
556
5 11 17 
556
4 10 16 
556
3 9 15 
556
2 8 14 
556
6 13 19 
562
5 12 18 
562
4 11 17 
562
3 10 16 
562
2 9 15 
562
6 14 20 
568
5 13 19 
568
4 12 18 
568
3 11 17 
568
2 10 16 
568
6 15 21 
574
5 14 20 
574
4 13 19 
574
3 12 18 
574
2 11 17 
574
6 10 16 
574
5 9 15 
574
4 8 14 
574
3 7 13 
574
2 6 12 
574
6 11 17 
580
5 10 16 
580
4 9 15 
580
3 8 14 
580
2 7 13 
580
6 12 18 
586
5 11 17 
586
4 10 16 
586
3 9 15 
586
2 8 14 
586
6 13 19 
592
5 12 18 
592
4 11 17 
592
3 10 16 
592
2 9 15 
592
6 14 20 
598
5 13 19 
598
4 12 18 
598
3 11 17 
598
2 10 16 
598
6 15 21 
604
5 14 20 
604
4 13 19 
604
3 12 18 
604
2 11 17 
604
6 10 16 
604
5 9 15 
604
4 8 14 
604
3 7 13 
604
2 6 12 
604
6 11 17 
610
5 10 16 
610
4 9 15 
610
3 8 14 
610
2 7 13 
610
6 12 18 
616
5 11 17 
616
4 10 16 
616
3 9 15 
616
2 8 14 
616
6 13 19 
622
5 12 18 
622
4 11 17 
622
3 10 16 
622
2 9 15 
622
6 14 20 
628
5 13 19 
628
4 12 18 
628
3 11 17 
628
2 10 16 
628
6 15 21 
634
5 14 20 
634
4 13 19 
634
3 12 18 
634
2 11 17 
634
6 10 16 
634
5 9 15 
634
4 8 14 
634
3 7 13 
634
2 6 12 
634
6 11 17 
640
5 10 16 
640
4 9 15 
640
3 8 14 
640
2 7 13 
640
6 12 18 
646
5 11 17 
646
4 10 16 
646
3 9 15 
646
2 8 14 
646
6 13 19 
652
5 12 18 
652
4 11 17 
652
3 10 16 
652
2 9 15 
652
6 14 20 
658
5 13 19 
658
4 12 18 
658
3 11 17 
658
2 10 16 
658
6 15 21 
664
5 14 20 
664
4 13 19 
664
3 12 18 
664
2 11 17 
664
6 10 16 
664
5 9 15 
664
4 8 14 
664
3 7 13 
664
2 6 12 
664
6 11 17 
670
5 10 16 
670
4 9 15 
670
3 8 14 
670
2 7 13 
670
6 12 18 
676
5 11 17 
676
4 10 16 
676
3 9 15 
676
2 8 14 
676
6 13 19 
682
5 12 18 
682
4 11 17 
682
3 10 16 
682
2 9 15 
682
6 14 20 
688
5 13 19 
688
4 12 18 
688
3 11 17 
688
2 10 16 
688
6 15 21 
694
5 14 20 
694
4 13 19 
694
3 12 18 
694
2 11 17 
694
6 10 16 
694
5 9 15 
694
4 8 14 
694
3 7 13 
694
2 6 12 
694
6 11 17 
700
5 10 16 
700
4 9 15 
700
3 8 14 
700
2 7 13 
700
6 12 18 
706
5 11 17 
706
4 10 16 
706
3 9 15 
706
2 8 14 
706
6 13 19 
712
5 12 18 
712
4 11 17 
712
3 10 16 
712
2 9 15 
712
6 14 20 
718
5 13 19 
718
4 12 18 
718
3 11 17 
718
2 10 16 
718
6 15 21 
724
5 14 20 
724
4 13 19 
724
3 12 18 
724
2 11 17 
724
6 10 16 
724
5 9 15 
724
4 8 14 
724
3 7 13 
724
2 6 12 
724
6 11 17 
730
5 10 16 
730
4 9 15 
730
3 8 14 
730
2 7 13 
730
6 12 18 
736
5 11 17 
736
4 10 16 
736
3 9 15 
736
2 8 14 
736
6 13 19 
742
5 12 18 
742
4 11 17 
742
3 10 16 
742
2 9 15 
742
6 14 20 
748
5 13 19 
748
4 12 18 
748
3 11 17 
748
2 10 16 
748
6 15 21 
754
5 14 20 
754
4 13 19 
754
3 12 18 
754
2 11 17 
754
6 10 16 
754
5 9 15 
754
4 8 14 
754
3 7 13 
754
2 6 12 
754
6 11 17 
760
5 10 16 
760
4 9 15 
760
3 8 14 
760
2 7 13 
760
6 12 18 
766
5 11 17 
766
4 10 16 
766
3 9 15 
766
2 8 14 
766
6 13 19 
772
5 12 18 
772
4 11 17 
772
3 10 16 
772
2 9 15 
772
6 14 20 
778
5 13 19 
778
4 12 18 
778
3 11 17 
778
2 10 16 
778
6 15 21 
784
5 14 20 
784
4 13 19 
784
3 12 18 
784
2 11 17 
784
6 10 16 
784
5 9 15 
784
4 8 14 
784
3 7 13 
784
2 6 12 
784
6 11 17 
790
5 10 16 
790
4 9 15 
790
3 8 14 
790
2 7 13 
790
6 12 18 
796
5 11 17 
796
4 10 16 
796
3 9 15 
796
2 8 14 
796
6 13 19 
802
5 12 18 
802
4 11 17 
802
3 10 16 
802
2 9 15 
802
6 14 20 
808
5 13 19 
808
4 12 18 
808
3 11 17 
808
2 10 16 
808
6 15 21 
814
5 14 20 
814
4 13 19 
814
3 12 18 
814
2 11 17 
814
6 10 16 
814
5 9 15 
814
4 8 14 
814
3 7 13 
814
2 6 12 
814
6 11 17 
820
5 10 16 
820
4 9 15 
820
3 8 14 
820
2 7 13 
820
6 12 18 
826
5 11 17 
826
4 10 16 
826
3 9 15 
826
2 8 14 
826
6 13 19 
832
5 12 18 
832
4 11 17 
832
3 10 16 
832
2 9 15 
832
6 14 20 
838
5 13 19 
838
4 12 18 
838
3 11 17 
838
2 10 16 
838
6 15 21 
844
5 14 20 
844
4 13 19 
844
3 12 18 
844
2 11 17 
844
6 10 16 
844
5 9 15 
844
4 8 14 
844
3 7 13 
844
2 6 12 
844
6 11 17 
850
5 10 16 
850
4 9 15 
850
3 8 14 
850
2 7 13 
850
6 12 18 
856
5 11 17 
856
4 10 16 
856
3 9 15 
856
2 8 14 
856
6 13 19 
862
5 12 18 
862