0 1 11 7 
2 0 10 6 
3 1 0 7 
3 1 11 0 
37
0 2 7 5 
1 0 5 3 
3 2 0 5 
3 2 7 0 
23
0 1 
2 0 
2
0 2 
1 0 
1
0 11 8 16 12 2 9 7 10 
11 0 19 5 1 13 9 7 21 
6 17 0 22 18 2 15 13 10 
16 5 24 0 1 18 14 12 26 
15 4 23 4 0 17 13 11 25 
4 15 6 20 16 0 13 11 8 
11 11 19 16 12 13 0 7 21 
4 4 12 9 5 6 2 0 14 
6 17 8 22 18 2 15 13 0 
434
0 16 7 20 18 4 15 14 8 
16 0 23 4 2 20 15 14 24 
6 22 0 26 24 4 21 20 8 
20 4 27 0 2 24 19 18 28 
18 2 25 2 0 22 17 16 26 
2 18 3 22 20 0 17 16 4 
16 16 23 20 18 20 0 14 24 
2 2 9 6 4 6 1 0 10 
6 22 7 26 24 4 21 20 0 
505

0	1	11	7	
2	0	10	6	
3	1	0	7	
3	1	11	0	
37
0	2	7	5	
1	0	5	3	
3	2	0	5	
3	2	7	0	
23
0	1	
2	0	
2
0	2	
1	0	
1
0	11	8	16	12	2	9	7	10	
11	0	19	5	1	13	9	7	21	
6	17	0	22	18	2	15	13	10	
16	5	24	0	1	18	14	12	26	
15	4	23	4	0	17	13	11	25	
4	15	6	20	16	0	13	11	8	
11	11	19	16	12	13	0	7	21	
4	4	12	9	5	6	2	0	14	
6	17	8	22	18	2	15	13	0	
373
0	16	7	20	18	4	15	14	8	
16	0	23	4	2	20	15	14	24	
6	22	0	26	24	4	21	20	8	
20	4	27	0	2	24	19	18	28	
18	2	25	2	0	22	17	16	26	
2	18	3	22	20	0	17	16	4	
16	16	23	20	18	20	0	14	24	
2	2	9	6	4	6	1	0	10	
6	22	7	26	24	4	21	20	0	
422
